place_id,display_name,category,stay_time,open_time,close_time
G0001,Node1,Other,0,00:00,23:59
G0002,Node2,Other,0,00:00,23:59
G0003,Node3,Other,0,00:00,23:59
G0004,Node4,Other,0,00:00,23:59
G0005,Node5,Other,0,00:00,23:59
G0006,Node6,Other,0,00:00,23:59
G0007,Node7,Other,0,00:00,23:59
G0008,Node8,Other,0,00:00,23:59
G0009,Node9,Other,0,00:00,23:59
G0010,Node10,Other,0,00:00,23:59
G0011,Node11,Other,0,00:00,23:59
G0012,Node12,Other,0,00:00,23:59
G0013,Node13,Other,0,00:00,23:59
G0014,Node14,Other,0,00:00,23:59
G0015,Node15,Other,0,00:00,23:59
G0016,Node16,Other,0,00:00,23:59
G0017,Node17,Other,0,00:00,23:59
G0018,Node18,Other,0,00:00,23:59
G0019,Node19,Other,0,00:00,23:59
G0020,Node20,Other,0,00:00,23:59
G0021,Node21,Other,0,00:00,23:59
G0022,Node22,Other,0,00:00,23:59
G0023,Node23,Other,0,00:00,23:59
G0024,Node24,Other,0,00:00,23:59
G0025,Node25,Other,0,00:00,23:59
G0026,Node26,Other,0,00:00,23:59
G0027,Node27,Other,0,00:00,23:59
G0028,Node28,Other,0,00:00,23:59
G0029,Node29,Other,0,00:00,23:59
G0030,Node30,Other,0,00:00,23:59
G0031,Node31,Other,0,00:00,23:59
G0032,Node32,Other,0,00:00,23:59
G0033,Node33,Other,0,00:00,23:59
G0034,Node34,Other,0,00:00,23:59
G0035,Node35,Other,0,00:00,23:59
G0036,Node36,Other,0,00:00,23:59
G0037,Node37,Other,0,00:00,23:59
G0038,Node38,Other,0,00:00,23:59
G0039,Node39,Other,0,00:00,23:59
G0040,Node40,Other,0,00:00,23:59
G0041,Node41,Other,0,00:00,23:59
G0042,Node42,Other,0,00:00,23:59
G0043,Node43,Other,0,00:00,23:59
G0044,Node44,Other,0,00:00,23:59
G0045,Node45,Other,0,00:00,23:59
G0046,Node46,Other,0,00:00,23:59
G0047,Node47,Other,0,00:00,23:59
G0048,Node48,Other,0,00:00,23:59
G0049,Node49,Other,0,00:00,23:59
G0050,Node50,Other,0,00:00,23:59
G0051,Node51,Other,0,00:00,23:59
G0052,Node52,Other,0,00:00,23:59
G0053,Node53,Other,0,00:00,23:59
G0054,Node54,Other,0,00:00,23:59
G0055,Node55,Other,0,00:00,23:59
G0056,Node56,Other,0,00:00,23:59
G0057,Node57,Other,0,00:00,23:59
G0058,Node58,Other,0,00:00,23:59
G0059,Node59,Other,0,00:00,23:59
G0060,Node60,Other,0,00:00,23:59
G0061,Node61,Other,0,00:00,23:59
G0062,Node62,Other,0,00:00,23:59
G0063,Node63,Other,0,00:00,23:59
G0064,Node64,Other,0,00:00,23:59
G0065,Node65,Other,0,00:00,23:59
G0066,Node66,Other,0,00:00,23:59
G0067,Node67,Other,0,00:00,23:59
G0068,Node68,Other,0,00:00,23:59
G0069,Node69,Other,0,00:00,23:59
G0070,Node70,Other,0,00:00,23:59
G0071,Node71,Other,0,00:00,23:59
G0072,Node72,Other,0,00:00,23:59
G0073,Node73,Other,0,00:00,23:59
G0074,Node74,Other,0,00:00,23:59
G0075,Node75,Other,0,00:00,23:59
G0076,Node76,Other,0,00:00,23:59
G0077,Node77,Other,0,00:00,23:59
G0078,Node78,Other,0,00:00,23:59
G0079,Node79,Other,0,00:00,23:59
G0080,Node80,Other,0,00:00,23:59
G0081,Node81,Other,0,00:00,23:59
G0082,Node82,Other,0,00:00,23:59
G0083,Node83,Other,0,00:00,23:59
G0084,Node84,Other,0,00:00,23:59
G0085,Node85,Other,0,00:00,23:59
G0086,Node86,Other,0,00:00,23:59
G0087,Node87,Other,0,00:00,23:59
G0088,Node88,Other,0,00:00,23:59
G0089,Node89,Other,0,00:00,23:59
G0090,Node90,Other,0,00:00,23:59
G0091,Node91,Other,0,00:00,23:59
G0092,Node92,Other,0,00:00,23:59
G0093,Node93,Other,0,00:00,23:59
G0094,Node94,Other,0,00:00,23:59
G0095,Node95,Other,0,00:00,23:59
G0096,Node96,Other,0,00:00,23:59
G0097,Node97,Other,0,00:00,23:59
G0098,Node98,Other,0,00:00,23:59
G0099,Node99,Other,0,00:00,23:59
G0100,Node100,Other,0,00:00,23:59
G0101,Node101,Other,0,00:00,23:59
G0102,Node102,Other,0,00:00,23:59
G0103,Node103,Other,0,00:00,23:59
G0104,Node104,Other,0,00:00,23:59
G0105,Node105,Other,0,00:00,23:59
G0106,Node106,Other,0,00:00,23:59
G0107,Node107,Other,0,00:00,23:59
G0108,Node108,Other,0,00:00,23:59
G0109,Node109,Other,0,00:00,23:59
G0110,Node110,Other,0,00:00,23:59
G0111,Node111,Other,0,00:00,23:59
G0112,Node112,Other,0,00:00,23:59
G0113,Node113,Other,0,00:00,23:59
G0114,Node114,Other,0,00:00,23:59
G0115,Node115,Other,0,00:00,23:59
G0116,Node116,Other,0,00:00,23:59
G0117,Node117,Other,0,00:00,23:59
G0118,Node118,Other,0,00:00,23:59
G0119,Node119,Other,0,00:00,23:59
G0120,Node120,Other,0,00:00,23:59
G0121,Node121,Other,0,00:00,23:59
G0122,Node122,Other,0,00:00,23:59
G0123,Node123,Other,0,00:00,23:59
G0124,Node124,Other,0,00:00,23:59
G0125,Node125,Other,0,00:00,23:59
G0126,Node126,Other,0,00:00,23:59
G0127,Node127,Other,0,00:00,23:59
G0128,Node128,Other,0,00:00,23:59
G0129,Node129,Other,0,00:00,23:59
G0130,Node130,Other,0,00:00,23:59
G0131,Node131,Other,0,00:00,23:59
G0132,Node132,Other,0,00:00,23:59
G0133,Node133,Other,0,00:00,23:59
G0134,Node134,Other,0,00:00,23:59
G0135,Node135,Other,0,00:00,23:59
G0136,Node136,Other,0,00:00,23:59
G0137,Node137,Other,0,00:00,23:59
G0138,Node138,Other,0,00:00,23:59
G0139,Node139,Other,0,00:00,23:59
G0140,Node140,Other,0,00:00,23:59
G0141,Node141,Other,0,00:00,23:59
G0142,Node142,Other,0,00:00,23:59
G0143,Node143,Other,0,00:00,23:59
G0144,Node144,Other,0,00:00,23:59
G0145,Node145,Other,0,00:00,23:59
G0146,Node146,Other,0,00:00,23:59
G0147,Node147,Other,0,00:00,23:59
G0148,Node148,Other,0,00:00,23:59
G0149,Node149,Other,0,00:00,23:59
G0150,Node150,Other,0,00:00,23:59
G0151,Node151,Other,0,00:00,23:59
G0152,Node152,Other,0,00:00,23:59
G0153,Node153,Other,0,00:00,23:59
G0154,Node154,Other,0,00:00,23:59
G0155,Node155,Other,0,00:00,23:59
G0156,Node156,Other,0,00:00,23:59
G0157,Node157,Other,0,00:00,23:59
G0158,Node158,Other,0,00:00,23:59
G0159,Node159,Other,0,00:00,23:59
G0160,Node160,Other,0,00:00,23:59
G0161,Node161,Other,0,00:00,23:59
G0162,Node162,Other,0,00:00,23:59
G0163,Node163,Other,0,00:00,23:59
G0164,Node164,Other,0,00:00,23:59
G0165,Node165,Other,0,00:00,23:59
G0166,Node166,Other,0,00:00,23:59
G0167,Node167,Other,0,00:00,23:59
G0168,Node168,Other,0,00:00,23:59
G0169,Node169,Other,0,00:00,23:59
G0170,Node170,Other,0,00:00,23:59
G0171,Node171,Other,0,00:00,23:59
G0172,Node172,Other,0,00:00,23:59
G0173,Node173,Other,0,00:00,23:59
G0174,Node174,Other,0,00:00,23:59
G0175,Node175,Other,0,00:00,23:59
G0176,Node176,Other,0,00:00,23:59
G0177,Node177,Other,0,00:00,23:59
G0178,Node178,Other,0,00:00,23:59
G0179,Node179,Other,0,00:00,23:59
G0180,Node180,Other,0,00:00,23:59
G0181,Node181,Other,0,00:00,23:59
G0182,Node182,Other,0,00:00,23:59
G0183,Node183,Other,0,00:00,23:59
G0184,Node184,Other,0,00:00,23:59
G0185,Node185,Other,0,00:00,23:59
G0186,Node186,Other,0,00:00,23:59
G0187,Node187,Other,0,00:00,23:59
G0188,Node188,Other,0,00:00,23:59
G0189,Node189,Other,0,00:00,23:59
G0190,Node190,Other,0,00:00,23:59
G0191,Node191,Other,0,00:00,23:59
G0192,Node192,Other,0,00:00,23:59
G0193,Node193,Other,0,00:00,23:59
G0194,Node194,Other,0,00:00,23:59
G0195,Node195,Other,0,00:00,23:59
G0196,Node196,Other,0,00:00,23:59
G0197,Node197,Other,0,00:00,23:59
G0198,Node198,Other,0,00:00,23:59
G0199,Node199,Other,0,00:00,23:59
G0200,Node200,Other,0,00:00,23:59
G0201,Node201,Other,0,00:00,23:59
G0202,Node202,Other,0,00:00,23:59
G0203,Node203,Other,0,00:00,23:59
G0204,Node204,Other,0,00:00,23:59
G0205,Node205,Other,0,00:00,23:59
G0206,Node206,Other,0,00:00,23:59
G0207,Node207,Other,0,00:00,23:59
G0208,Node208,Other,0,00:00,23:59
G0209,Node209,Other,0,00:00,23:59
G0210,Node210,Other,0,00:00,23:59
G0211,Node211,Other,0,00:00,23:59
G0212,Node212,Other,0,00:00,23:59
G0213,Node213,Other,0,00:00,23:59
G0214,Node214,Other,0,00:00,23:59
G0215,Node215,Other,0,00:00,23:59
G0216,Node216,Other,0,00:00,23:59
G0217,Node217,Other,0,00:00,23:59
G0218,Node218,Other,0,00:00,23:59
G0219,Node219,Other,0,00:00,23:59
G0220,Node220,Other,0,00:00,23:59
G0221,Node221,Other,0,00:00,23:59
G0222,Node222,Other,0,00:00,23:59
G0223,Node223,Other,0,00:00,23:59
G0224,Node224,Other,0,00:00,23:59
G0225,Node225,Other,0,00:00,23:59
G0226,Node226,Other,0,00:00,23:59
G0227,Node227,Other,0,00:00,23:59
G0228,Node228,Other,0,00:00,23:59
G0229,Node229,Other,0,00:00,23:59
G0230,Node230,Other,0,00:00,23:59
G0231,Node231,Other,0,00:00,23:59
G0232,Node232,Other,0,00:00,23:59
G0233,Node233,Other,0,00:00,23:59
G0234,Node234,Other,0,00:00,23:59
G0235,Node235,Other,0,00:00,23:59
G0236,Node236,Other,0,00:00,23:59
G0237,Node237,Other,0,00:00,23:59
G0238,Node238,Other,0,00:00,23:59
G0239,Node239,Other,0,00:00,23:59
G0240,Node240,Other,0,00:00,23:59
G0241,Node241,Other,0,00:00,23:59
G0242,Node242,Other,0,00:00,23:59
G0243,Node243,Other,0,00:00,23:59
G0244,Node244,Other,0,00:00,23:59
G0245,Node245,Other,0,00:00,23:59
G0246,Node246,Other,0,00:00,23:59
G0247,Node247,Other,0,00:00,23:59
G0248,Node248,Other,0,00:00,23:59
G0249,Node249,Other,0,00:00,23:59
G0250,Node250,Other,0,00:00,23:59
G0251,Node251,Other,0,00:00,23:59
G0252,Node252,Other,0,00:00,23:59
G0253,Node253,Other,0,00:00,23:59
G0254,Node254,Other,0,00:00,23:59
G0255,Node255,Other,0,00:00,23:59
G0256,Node256,Other,0,00:00,23:59
G0257,Node257,Other,0,00:00,23:59
G0258,Node258,Other,0,00:00,23:59
G0259,Node259,Other,0,00:00,23:59
G0260,Node260,Other,0,00:00,23:59
G0261,Node261,Other,0,00:00,23:59
G0262,Node262,Other,0,00:00,23:59
G0263,Node263,Other,0,00:00,23:59
G0264,Node264,Other,0,00:00,23:59
G0265,Node265,Other,0,00:00,23:59
G0266,Node266,Other,0,00:00,23:59
G0267,Node267,Other,0,00:00,23:59
G0268,Node268,Other,0,00:00,23:59
G0269,Node269,Other,0,00:00,23:59
G0270,Node270,Other,0,00:00,23:59
G0271,Node271,Other,0,00:00,23:59
G0272,Node272,Other,0,00:00,23:59
G0273,Node273,Other,0,00:00,23:59
G0274,Node274,Other,0,00:00,23:59
G0275,Node275,Other,0,00:00,23:59
G0276,Node276,Other,0,00:00,23:59
G0277,Node277,Other,0,00:00,23:59
G0278,Node278,Other,0,00:00,23:59
G0279,Node279,Other,0,00:00,23:59
G0280,Node280,Other,0,00:00,23:59
G0281,Node281,Other,0,00:00,23:59
G0282,Node282,Other,0,00:00,23:59
G0283,Node283,Other,0,00:00,23:59
G0284,Node284,Other,0,00:00,23:59
G0285,Node285,Other,0,00:00,23:59
G0286,Node286,Other,0,00:00,23:59
G0287,Node287,Other,0,00:00,23:59
G0288,Node288,Other,0,00:00,23:59
G0289,Node289,Other,0,00:00,23:59
G0290,Node290,Other,0,00:00,23:59
G0291,Node291,Other,0,00:00,23:59
G0292,Node292,Other,0,00:00,23:59
G0293,Node293,Other,0,00:00,23:59
G0294,Node294,Other,0,00:00,23:59
G0295,Node295,Other,0,00:00,23:59
G0296,Node296,Other,0,00:00,23:59
G0297,Node297,Other,0,00:00,23:59
G0298,Node298,Other,0,00:00,23:59
G0299,Node299,Other,0,00:00,23:59
G0300,Node300,Other,0,00:00,23:59
G0301,Node301,Other,0,00:00,23:59
G0302,Node302,Other,0,00:00,23:59
G0303,Node303,Other,0,00:00,23:59
G0304,Node304,Other,0,00:00,23:59
G0305,Node305,Other,0,00:00,23:59
G0306,Node306,Other,0,00:00,23:59
G0307,Node307,Other,0,00:00,23:59
G0308,Node308,Other,0,00:00,23:59
G0309,Node309,Other,0,00:00,23:59
G0310,Node310,Other,0,00:00,23:59
G0311,Node311,Other,0,00:00,23:59
G0312,Node312,Other,0,00:00,23:59
G0313,Node313,Other,0,00:00,23:59
G0314,Node314,Other,0,00:00,23:59
G0315,Node315,Other,0,00:00,23:59
G0316,Node316,Other,0,00:00,23:59
G0317,Node317,Other,0,00:00,23:59
G0318,Node318,Other,0,00:00,23:59
G0319,Node319,Other,0,00:00,23:59
G0320,Node320,Other,0,00:00,23:59
G0321,Node321,Other,0,00:00,23:59
G0322,Node322,Other,0,00:00,23:59
G0323,Node323,Other,0,00:00,23:59
G0324,Node324,Other,0,00:00,23:59
G0325,Node325,Other,0,00:00,23:59
G0326,Node326,Other,0,00:00,23:59
G0327,Node327,Other,0,00:00,23:59
G0328,Node328,Other,0,00:00,23:59
G0329,Node329,Other,0,00:00,23:59
G0330,Node330,Other,0,00:00,23:59
G0331,Node331,Other,0,00:00,23:59
G0332,Node332,Other,0,00:00,23:59
G0333,Node333,Other,0,00:00,23:59
G0334,Node334,Other,0,00:00,23:59
G0335,Node335,Other,0,00:00,23:59
G0336,Node336,Other,0,00:00,23:59
G0337,Node337,Other,0,00:00,23:59
G0338,Node338,Other,0,00:00,23:59
G0339,Node339,Other,0,00:00,23:59
G0340,Node340,Other,0,00:00,23:59
G0341,Node341,Other,0,00:00,23:59
G0342,Node342,Other,0,00:00,23:59
G0343,Node343,Other,0,00:00,23:59
G0344,Node344,Other,0,00:00,23:59
G0345,Node345,Other,0,00:00,23:59
G0346,Node346,Other,0,00:00,23:59
G0347,Node347,Other,0,00:00,23:59
G0348,Node348,Other,0,00:00,23:59
G0349,Node349,Other,0,00:00,23:59
G0350,Node350,Other,0,00:00,23:59
G0351,Node351,Other,0,00:00,23:59
G0352,Node352,Other,0,00:00,23:59
G0353,Node353,Other,0,00:00,23:59
G0354,Node354,Other,0,00:00,23:59
G0355,Node355,Other,0,00:00,23:59
G0356,Node356,Other,0,00:00,23:59
G0357,Node357,Other,0,00:00,23:59
G0358,Node358,Other,0,00:00,23:59
G0359,Node359,Other,0,00:00,23:59
G0360,Node360,Other,0,00:00,23:59
G0361,Node361,Other,0,00:00,23:59
G0362,Node362,Other,0,00:00,23:59
G0363,Node363,Other,0,00:00,23:59
G0364,Node364,Other,0,00:00,23:59
G0365,Node365,Other,0,00:00,23:59
G0366,Node366,Other,0,00:00,23:59
G0367,Node367,Other,0,00:00,23:59
G0368,Node368,Other,0,00:00,23:59
G0369,Node369,Other,0,00:00,23:59
G0370,Node370,Other,0,00:00,23:59
G0371,Node371,Other,0,00:00,23:59
G0372,Node372,Other,0,00:00,23:59
G0373,Node373,Other,0,00:00,23:59
G0374,Node374,Other,0,00:00,23:59
G0375,Node375,Other,0,00:00,23:59
G0376,Node376,Other,0,00:00,23:59
G0377,Node377,Other,0,00:00,23:59
G0378,Node378,Other,0,00:00,23:59
G0379,Node379,Other,0,00:00,23:59
G0380,Node380,Other,0,00:00,23:59
G0381,Node381,Other,0,00:00,23:59
G0382,Node382,Other,0,00:00,23:59
G0383,Node383,Other,0,00:00,23:59
G0384,Node384,Other,0,00:00,23:59
G0385,Node385,Other,0,00:00,23:59
G0386,Node386,Other,0,00:00,23:59
G0387,Node387,Other,0,00:00,23:59
G0388,Node388,Other,0,00:00,23:59
G0389,Node389,Other,0,00:00,23:59
G0390,Node390,Other,0,00:00,23:59
G0391,Node391,Other,0,00:00,23:59
G0392,Node392,Other,0,00:00,23:59
G0393,Node393,Other,0,00:00,23:59
G0394,Node394,Other,0,00:00,23:59
G0395,Node395,Other,0,00:00,23:59
G0396,Node396,Other,0,00:00,23:59
G0397,Node397,Other,0,00:00,23:59
G0398,Node398,Other,0,00:00,23:59
G0399,Node399,Other,0,00:00,23:59
G0400,Node400,Other,0,00:00,23:59
G0401,Node401,Other,0,00:00,23:59
G0402,Node402,Other,0,00:00,23:59
G0403,Node403,Other,0,00:00,23:59
G0404,Node404,Other,0,00:00,23:59
G0405,Node405,Other,0,00:00,23:59
G0406,Node406,Other,0,00:00,23:59
G0407,Node407,Other,0,00:00,23:59
G0408,Node408,Other,0,00:00,23:59
G0409,Node409,Other,0,00:00,23:59
G0410,Node410,Other,0,00:00,23:59
G0411,Node411,Other,0,00:00,23:59
G0412,Node412,Other,0,00:00,23:59
G0413,Node413,Other,0,00:00,23:59
G0414,Node414,Other,0,00:00,23:59
G0415,Node415,Other,0,00:00,23:59
G0416,Node416,Other,0,00:00,23:59
G0417,Node417,Other,0,00:00,23:59
G0418,Node418,Other,0,00:00,23:59
G0419,Node419,Other,0,00:00,23:59
G0420,Node420,Other,0,00:00,23:59
G0421,Node421,Other,0,00:00,23:59
G0422,Node422,Other,0,00:00,23:59
G0423,Node423,Other,0,00:00,23:59
G0424,Node424,Other,0,00:00,23:59
G0425,Node425,Other,0,00:00,23:59
G0426,Node426,Other,0,00:00,23:59
G0427,Node427,Other,0,00:00,23:59
G0428,Node428,Other,0,00:00,23:59
G0429,Node429,Other,0,00:00,23:59
G0430,Node430,Other,0,00:00,23:59
G0431,Node431,Other,0,00:00,23:59
G0432,Node432,Other,0,00:00,23:59
G0433,Node433,Other,0,00:00,23:59
G0434,Node434,Other,0,00:00,23:59
G0435,Node435,Other,0,00:00,23:59
G0436,Node436,Other,0,00:00,23:59
G0437,Node437,Other,0,00:00,23:59
G0438,Node438,Other,0,00:00,23:59
G0439,Node439,Other,0,00:00,23:59
G0440,Node440,Other,0,00:00,23:59
G0441,Node441,Other,0,00:00,23:59
G0442,Node442,Other,0,00:00,23:59
G0443,Node443,Other,0,00:00,23:59
G0444,Node444,Other,0,00:00,23:59
G0445,Node445,Other,0,00:00,23:59
G0446,Node446,Other,0,00:00,23:59
G0447,Node447,Other,0,00:00,23:59
G0448,Node448,Other,0,00:00,23:59
G0449,Node449,Other,0,00:00,23:59
G0450,Node450,Other,0,00:00,23:59
G0451,Node451,Other,0,00:00,23:59
G0452,Node452,Other,0,00:00,23:59
G0453,Node453,Other,0,00:00,23:59
G0454,Node454,Other,0,00:00,23:59
G0455,Node455,Other,0,00:00,23:59
G0456,Node456,Other,0,00:00,23:59
G0457,Node457,Other,0,00:00,23:59
G0458,Node458,Other,0,00:00,23:59
G0459,Node459,Other,0,00:00,23:59
G0460,Node460,Other,0,00:00,23:59
G0461,Node461,Other,0,00:00,23:59
G0462,Node462,Other,0,00:00,23:59
G0463,Node463,Other,0,00:00,23:59
G0464,Node464,Other,0,00:00,23:59
G0465,Node465,Other,0,00:00,23:59
G0466,Node466,Other,0,00:00,23:59
G0467,Node467,Other,0,00:00,23:59
G0468,Node468,Other,0,00:00,23:59
G0469,Node469,Other,0,00:00,23:59
G0470,Node470,Other,0,00:00,23:59
G0471,Node471,Other,0,00:00,23:59
G0472,Node472,Other,0,00:00,23:59
G0473,Node473,Other,0,00:00,23:59
G0474,Node474,Other,0,00:00,23:59
G0475,Node475,Other,0,00:00,23:59
G0476,Node476,Other,0,00:00,23:59
G0477,Node477,Other,0,00:00,23:59
G0478,Node478,Other,0,00:00,23:59
G0479,Node479,Other,0,00:00,23:59
G0480,Node480,Other,0,00:00,23:59
G0481,Node481,Other,0,00:00,23:59
G0482,Node482,Other,0,00:00,23:59
G0483,Node483,Other,0,00:00,23:59
G0484,Node484,Other,0,00:00,23:59
G0485,Node485,Other,0,00:00,23:59
G0486,Node486,Other,0,00:00,23:59
G0487,Node487,Other,0,00:00,23:59
G0488,Node488,Other,0,00:00,23:59
G0489,Node489,Other,0,00:00,23:59
G0490,Node490,Other,0,00:00,23:59
G0491,Node491,Other,0,00:00,23:59
G0492,Node492,Other,0,00:00,23:59
G0493,Node493,Other,0,00:00,23:59
G0494,Node494,Other,0,00:00,23:59
G0495,Node495,Other,0,00:00,23:59
G0496,Node496,Other,0,00:00,23:59
G0497,Node497,Other,0,00:00,23:59
G0498,Node498,Other,0,00:00,23:59
G0499,Node499,Other,0,00:00,23:59
G0500,Node500,Other,0,00:00,23:59
G0501,Node501,Other,0,00:00,23:59
G0502,Node502,Other,0,00:00,23:59
G0503,Node503,Other,0,00:00,23:59
G0504,Node504,Other,0,00:00,23:59
G0505,Node505,Other,0,00:00,23:59
G0506,Node506,Other,0,00:00,23:59
G0507,Node507,Other,0,00:00,23:59
G0508,Node508,Other,0,00:00,23:59
G0509,Node509,Other,0,00:00,23:59
G0510,Node510,Other,0,00:00,23:59
G0511,Node511,Other,0,00:00,23:59
G0512,Node512,Other,0,00:00,23:59
G0513,Node513,Other,0,00:00,23:59
G0514,Node514,Other,0,00:00,23:59
G0515,Node515,Other,0,00:00,23:59
G0516,Node516,Other,0,00:00,23:59
G0517,Node517,Other,0,00:00,23:59
G0518,Node518,Other,0,00:00,23:59
G0519,Node519,Other,0,00:00,23:59
G0520,Node520,Other,0,00:00,23:59
G0521,Node521,Other,0,00:00,23:59
G0522,Node522,Other,0,00:00,23:59
G0523,Node523,Other,0,00:00,23:59
G0524,Node524,Other,0,00:00,23:59
G0525,Node525,Other,0,00:00,23:59
G0526,Node526,Other,0,00:00,23:59
G0527,Node527,Other,0,00:00,23:59
G0528,Node528,Other,0,00:00,23:59
G0529,Node529,Other,0,00:00,23:59
G0530,Node530,Other,0,00:00,23:59
G0531,Node531,Other,0,00:00,23:59
G0532,Node532,Other,0,00:00,23:59
G0533,Node533,Other,0,00:00,23:59
G0534,Node534,Other,0,00:00,23:59
G0535,Node535,Other,0,00:00,23:59
G0536,Node536,Other,0,00:00,23:59
G0537,Node537,Other,0,00:00,23:59
G0538,Node538,Other,0,00:00,23:59
G0539,Node539,Other,0,00:00,23:59
G0540,Node540,Other,0,00:00,23:59
G0541,Node541,Other,0,00:00,23:59
G0542,Node542,Other,0,00:00,23:59
G0543,Node543,Other,0,00:00,23:59
G0544,Node544,Other,0,00:00,23:59
G0545,Node545,Other,0,00:00,23:59
G0546,Node546,Other,0,00:00,23:59
G0547,Node547,Other,0,00:00,23:59
G0548,Node548,Other,0,00:00,23:59
G0549,Node549,Other,0,00:00,23:59
G0550,Node550,Other,0,00:00,23:59
G0551,Node551,Other,0,00:00,23:59
G0552,Node552,Other,0,00:00,23:59
G0553,Node553,Other,0,00:00,23:59
G0554,Node554,Other,0,00:00,23:59
G0555,Node555,Other,0,00:00,23:59
G0556,Node556,Other,0,00:00,23:59
G0557,Node557,Other,0,00:00,23:59
G0558,Node558,Other,0,00:00,23:59
G0559,Node559,Other,0,00:00,23:59
G0560,Node560,Other,0,00:00,23:59
G0561,Node561,Other,0,00:00,23:59
G0562,Node562,Other,0,00:00,23:59
G0563,Node563,Other,0,00:00,23:59
G0564,Node564,Other,0,00:00,23:59
G0565,Node565,Other,0,00:00,23:59
G0566,Node566,Other,0,00:00,23:59
G0567,Node567,Other,0,00:00,23:59
G0568,Node568,Other,0,00:00,23:59
G0569,Node569,Other,0,00:00,23:59
G0570,Node570,Other,0,00:00,23:59
G0571,Node571,Other,0,00:00,23:59
G0572,Node572,Other,0,00:00,23:59
G0573,Node573,Other,0,00:00,23:59
G0574,Node574,Other,0,00:00,23:59
G0575,Node575,Other,0,00:00,23:59
G0576,Node576,Other,0,00:00,23:59
G0577,Node577,Other,0,00:00,23:59
G0578,Node578,Other,0,00:00,23:59
G0579,Node579,Other,0,00:00,23:59
G0580,Node580,Other,0,00:00,23:59
G0581,Node581,Other,0,00:00,23:59
G0582,Node582,Other,0,00:00,23:59
G0583,Node583,Other,0,00:00,23:59
G0584,Node584,Other,0,00:00,23:59
G0585,Node585,Other,0,00:00,23:59
G0586,Node586,Other,0,00:00,23:59
G0587,Node587,Other,0,00:00,23:59
G0588,Node588,Other,0,00:00,23:59
G0589,Node589,Other,0,00:00,23:59
G0590,Node590,Other,0,00:00,23:59
G0591,Node591,Other,0,00:00,23:59
G0592,Node592,Other,0,00:00,23:59
G0593,Node593,Other,0,00:00,23:59
G0594,Node594,Other,0,00:00,23:59
G0595,Node595,Other,0,00:00,23:59
G0596,Node596,Other,0,00:00,23:59
G0597,Node597,Other,0,00:00,23:59
G0598,Node598,Other,0,00:00,23:59
G0599,Node599,Other,0,00:00,23:59
G0600,Node600,Other,0,00:00,23:59
G0601,Node601,Other,0,00:00,23:59
G0602,Node602,Other,0,00:00,23:59
G0603,Node603,Other,0,00:00,23:59
G0604,Node604,Other,0,00:00,23:59
G0605,Node605,Other,0,00:00,23:59
G0606,Node606,Other,0,00:00,23:59
G0607,Node607,Other,0,00:00,23:59
G0608,Node608,Other,0,00:00,23:59
G0609,Node609,Other,0,00:00,23:59
G0610,Node610,Other,0,00:00,23:59
G0611,Node611,Other,0,00:00,23:59
G0612,Node612,Other,0,00:00,23:59
G0613,Node613,Other,0,00:00,23:59
G0614,Node614,Other,0,00:00,23:59
G0615,Node615,Other,0,00:00,23:59
G0616,Node616,Other,0,00:00,23:59
G0617,Node617,Other,0,00:00,23:59
G0618,Node618,Other,0,00:00,23:59
G0619,Node619,Other,0,00:00,23:59
G0620,Node620,Other,0,00:00,23:59
G0621,Node621,Other,0,00:00,23:59
G0622,Node622,Other,0,00:00,23:59
G0623,Node623,Other,0,00:00,23:59
G0624,Node624,Other,0,00:00,23:59
G0625,Node625,Other,0,00:00,23:59
G0626,Node626,Other,0,00:00,23:59
G0627,Node627,Other,0,00:00,23:59
G0628,Node628,Other,0,00:00,23:59
G0629,Node629,Other,0,00:00,23:59
G0630,Node630,Other,0,00:00,23:59
G0631,Node631,Other,0,00:00,23:59
G0632,Node632,Other,0,00:00,23:59
G0633,Node633,Other,0,00:00,23:59
G0634,Node634,Other,0,00:00,23:59
G0635,Node635,Other,0,00:00,23:59
G0636,Node636,Other,0,00:00,23:59
G0637,Node637,Other,0,00:00,23:59
G0638,Node638,Other,0,00:00,23:59
G0639,Node639,Other,0,00:00,23:59
G0640,Node640,Other,0,00:00,23:59
G0641,Node641,Other,0,00:00,23:59
G0642,Node642,Other,0,00:00,23:59
G0643,Node643,Other,0,00:00,23:59
G0644,Node644,Other,0,00:00,23:59
G0645,Node645,Other,0,00:00,23:59
G0646,Node646,Other,0,00:00,23:59
G0647,Node647,Other,0,00:00,23:59
G0648,Node648,Other,0,00:00,23:59
G0649,Node649,Other,0,00:00,23:59
G0650,Node650,Other,0,00:00,23:59
G0651,Node651,Other,0,00:00,23:59
G0652,Node652,Other,0,00:00,23:59
G0653,Node653,Other,0,00:00,23:59
G0654,Node654,Other,0,00:00,23:59
G0655,Node655,Other,0,00:00,23:59
G0656,Node656,Other,0,00:00,23:59
G0657,Node657,Other,0,00:00,23:59
G0658,Node658,Other,0,00:00,23:59
G0659,Node659,Other,0,00:00,23:59
G0660,Node660,Other,0,00:00,23:59
G0661,Node661,Other,0,00:00,23:59
G0662,Node662,Other,0,00:00,23:59
G0663,Node663,Other,0,00:00,23:59
G0664,Node664,Other,0,00:00,23:59
G0665,Node665,Other,0,00:00,23:59
G0666,Node666,Other,0,00:00,23:59
G0667,Node667,Other,0,00:00,23:59
G0668,Node668,Other,0,00:00,23:59
G0669,Node669,Other,0,00:00,23:59
G0670,Node670,Other,0,00:00,23:59
G0671,Node671,Other,0,00:00,23:59
G0672,Node672,Other,0,00:00,23:59
G0673,Node673,Other,0,00:00,23:59
G0674,Node674,Other,0,00:00,23:59
G0675,Node675,Other,0,00:00,23:59
G0676,Node676,Other,0,00:00,23:59
G0677,Node677,Other,0,00:00,23:59
G0678,Node678,Other,0,00:00,23:59
G0679,Node679,Other,0,00:00,23:59
G0680,Node680,Other,0,00:00,23:59
G0681,Node681,Other,0,00:00,23:59
G0682,Node682,Other,0,00:00,23:59
G0683,Node683,Other,0,00:00,23:59
G0684,Node684,Other,0,00:00,23:59
G0685,Node685,Other,0,00:00,23:59
G0686,Node686,Other,0,00:00,23:59
G0687,Node687,Other,0,00:00,23:59
G0688,Node688,Other,0,00:00,23:59
G0689,Node689,Other,0,00:00,23:59
G0690,Node690,Other,0,00:00,23:59
G0691,Node691,Other,0,00:00,23:59
G0692,Node692,Other,0,00:00,23:59
G0693,Node693,Other,0,00:00,23:59
G0694,Node694,Other,0,00:00,23:59
G0695,Node695,Other,0,00:00,23:59
G0696,Node696,Other,0,00:00,23:59
G0697,Node697,Other,0,00:00,23:59
G0698,Node698,Other,0,00:00,23:59
G0699,Node699,Other,0,00:00,23:59
G0700,Node700,Other,0,00:00,23:59
G0701,Node701,Other,0,00:00,23:59
G0702,Node702,Other,0,00:00,23:59
G0703,Node703,Other,0,00:00,23:59
G0704,Node704,Other,0,00:00,23:59
G0705,Node705,Other,0,00:00,23:59
G0706,Node706,Other,0,00:00,23:59
G0707,Node707,Other,0,00:00,23:59
G0708,Node708,Other,0,00:00,23:59
G0709,Node709,Other,0,00:00,23:59
G0710,Node710,Other,0,00:00,23:59
G0711,Node711,Other,0,00:00,23:59
G0712,Node712,Other,0,00:00,23:59
G0713,Node713,Other,0,00:00,23:59
G0714,Node714,Other,0,00:00,23:59
G0715,Node715,Other,0,00:00,23:59
G0716,Node716,Other,0,00:00,23:59
G0717,Node717,Other,0,00:00,23:59
G0718,Node718,Other,0,00:00,23:59
G0719,Node719,Other,0,00:00,23:59
G0720,Node720,Other,0,00:00,23:59
G0721,Node721,Other,0,00:00,23:59
G0722,Node722,Other,0,00:00,23:59
G0723,Node723,Other,0,00:00,23:59
G0724,Node724,Other,0,00:00,23:59
G0725,Node725,Other,0,00:00,23:59
G0726,Node726,Other,0,00:00,23:59
G0727,Node727,Other,0,00:00,23:59
G0728,Node728,Other,0,00:00,23:59
G0729,Node729,Other,0,00:00,23:59
G0730,Node730,Other,0,00:00,23:59
G0731,Node731,Other,0,00:00,23:59
G0732,Node732,Other,0,00:00,23:59
G0733,Node733,Other,0,00:00,23:59
G0734,Node734,Other,0,00:00,23:59
G0735,Node735,Other,0,00:00,23:59
G0736,Node736,Other,0,00:00,23:59
G0737,Node737,Other,0,00:00,23:59
G0738,Node738,Other,0,00:00,23:59
G0739,Node739,Other,0,00:00,23:59
G0740,Node740,Other,0,00:00,23:59
G0741,Node741,Other,0,00:00,23:59
G0742,Node742,Other,0,00:00,23:59
G0743,Node743,Other,0,00:00,23:59
G0744,Node744,Other,0,00:00,23:59
G0745,Node745,Other,0,00:00,23:59
G0746,Node746,Other,0,00:00,23:59
G0747,Node747,Other,0,00:00,23:59
G0748,Node748,Other,0,00:00,23:59
G0749,Node749,Other,0,00:00,23:59
G0750,Node750,Other,0,00:00,23:59
G0751,Node751,Other,0,00:00,23:59
G0752,Node752,Other,0,00:00,23:59
G0753,Node753,Other,0,00:00,23:59
G0754,Node754,Other,0,00:00,23:59
G0755,Node755,Other,0,00:00,23:59
G0756,Node756,Other,0,00:00,23:59
G0757,Node757,Other,0,00:00,23:59
G0758,Node758,Other,0,00:00,23:59
G0759,Node759,Other,0,00:00,23:59
G0760,Node760,Other,0,00:00,23:59
G0761,Node761,Other,0,00:00,23:59
G0762,Node762,Other,0,00:00,23:59
G0763,Node763,Other,0,00:00,23:59
G0764,Node764,Other,0,00:00,23:59
G0765,Node765,Other,0,00:00,23:59
G0766,Node766,Other,0,00:00,23:59
G0767,Node767,Other,0,00:00,23:59
G0768,Node768,Other,0,00:00,23:59
G0769,Node769,Other,0,00:00,23:59
G0770,Node770,Other,0,00:00,23:59
G0771,Node771,Other,0,00:00,23:59
G0772,Node772,Other,0,00:00,23:59
G0773,Node773,Other,0,00:00,23:59
G0774,Node774,Other,0,00:00,23:59
G0775,Node775,Other,0,00:00,23:59
G0776,Node776,Other,0,00:00,23:59
G0777,Node777,Other,0,00:00,23:59
G0778,Node778,Other,0,00:00,23:59
G0779,Node779,Other,0,00:00,23:59
G0780,Node780,Other,0,00:00,23:59
G0781,Node781,Other,0,00:00,23:59
G0782,Node782,Other,0,00:00,23:59
G0783,Node783,Other,0,00:00,23:59
G0784,Node784,Other,0,00:00,23:59
G0785,Node785,Other,0,00:00,23:59
G0786,Node786,Other,0,00:00,23:59
G0787,Node787,Other,0,00:00,23:59
G0788,Node788,Other,0,00:00,23:59
G0789,Node789,Other,0,00:00,23:59
G0790,Node790,Other,0,00:00,23:59
G0791,Node791,Other,0,00:00,23:59
G0792,Node792,Other,0,00:00,23:59
G0793,Node793,Other,0,00:00,23:59
G0794,Node794,Other,0,00:00,23:59
G0795,Node795,Other,0,00:00,23:59
G0796,Node796,Other,0,00:00,23:59
G0797,Node797,Other,0,00:00,23:59
G0798,Node798,Other,0,00:00,23:59
G0799,Node799,Other,0,00:00,23:59
G0800,Node800,Other,0,00:00,23:59
G0801,Node801,Other,0,00:00,23:59
G0802,Node802,Other,0,00:00,23:59
G0803,Node803,Other,0,00:00,23:59
G0804,Node804,Other,0,00:00,23:59
G0805,Node805,Other,0,00:00,23:59
G0806,Node806,Other,0,00:00,23:59
G0807,Node807,Other,0,00:00,23:59
G0808,Node808,Other,0,00:00,23:59
G0809,Node809,Other,0,00:00,23:59
G0810,Node810,Other,0,00:00,23:59
G0811,Node811,Other,0,00:00,23:59
G0812,Node812,Other,0,00:00,23:59
G0813,Node813,Other,0,00:00,23:59
G0814,Node814,Other,0,00:00,23:59
G0815,Node815,Other,0,00:00,23:59
G0816,Node816,Other,0,00:00,23:59
G0817,Node817,Other,0,00:00,23:59
G0818,Node818,Other,0,00:00,23:59
G0819,Node819,Other,0,00:00,23:59
G0820,Node820,Other,0,00:00,23:59
G0821,Node821,Other,0,00:00,23:59
G0822,Node822,Other,0,00:00,23:59
G0823,Node823,Other,0,00:00,23:59
G0824,Node824,Other,0,00:00,23:59
G0825,Node825,Other,0,00:00,23:59
G0826,Node826,Other,0,00:00,23:59
G0827,Node827,Other,0,00:00,23:59
G0828,Node828,Other,0,00:00,23:59
G0829,Node829,Other,0,00:00,23:59
G0830,Node830,Other,0,00:00,23:59
G0831,Node831,Other,0,00:00,23:59
G0832,Node832,Other,0,00:00,23:59
G0833,Node833,Other,0,00:00,23:59
G0834,Node834,Other,0,00:00,23:59
G0835,Node835,Other,0,00:00,23:59
G0836,Node836,Other,0,00:00,23:59
G0837,Node837,Other,0,00:00,23:59
G0838,Node838,Other,0,00:00,23:59
G0839,Node839,Other,0,00:00,23:59
G0840,Node840,Other,0,00:00,23:59
G0841,Node841,Other,0,00:00,23:59
G0842,Node842,Other,0,00:00,23:59
G0843,Node843,Other,0,00:00,23:59
G0844,Node844,Other,0,00:00,23:59
G0845,Node845,Other,0,00:00,23:59
G0846,Node846,Other,0,00:00,23:59
G0847,Node847,Other,0,00:00,23:59
G0848,Node848,Other,0,00:00,23:59
G0849,Node849,Other,0,00:00,23:59
G0850,Node850,Other,0,00:00,23:59
G0851,Node851,Other,0,00:00,23:59
G0852,Node852,Other,0,00:00,23:59
G0853,Node853,Other,0,00:00,23:59
G0854,Node854,Other,0,00:00,23:59
G0855,Node855,Other,0,00:00,23:59
G0856,Node856,Other,0,00:00,23:59
G0857,Node857,Other,0,00:00,23:59
G0858,Node858,Other,0,00:00,23:59
G0859,Node859,Other,0,00:00,23:59
G0860,Node860,Other,0,00:00,23:59
G0861,Node861,Other,0,00:00,23:59
G0862,Node862,Other,0,00:00,23:59
G0863,Node863,Other,0,00:00,23:59
G0864,Node864,Other,0,00:00,23:59
G0865,Node865,Other,0,00:00,23:59
G0866,Node866,Other,0,00:00,23:59
G0867,Node867,Other,0,00:00,23:59
G0868,Node868,Other,0,00:00,23:59
G0869,Node869,Other,0,00:00,23:59
G0870,Node870,Other,0,00:00,23:59
G0871,Node871,Other,0,00:00,23:59
G0872,Node872,Other,0,00:00,23:59
G0873,Node873,Other,0,00:00,23:59
G0874,Node874,Other,0,00:00,23:59
G0875,Node875,Other,0,00:00,23:59
G0876,Node876,Other,0,00:00,23:59
G0877,Node877,Other,0,00:00,23:59
G0878,Node878,Other,0,00:00,23:59
G0879,Node879,Other,0,00:00,23:59
G0880,Node880,Other,0,00:00,23:59
G0881,Node881,Other,0,00:00,23:59
G0882,Node882,Other,0,00:00,23:59
G0883,Node883,Other,0,00:00,23:59
G0884,Node884,Other,0,00:00,23:59
G0885,Node885,Other,0,00:00,23:59
G0886,Node886,Other,0,00:00,23:59
G0887,Node887,Other,0,00:00,23:59
G0888,Node888,Other,0,00:00,23:59
G0889,Node889,Other,0,00:00,23:59
G0890,Node890,Other,0,00:00,23:59
G0891,Node891,Other,0,00:00,23:59
G0892,Node892,Other,0,00:00,23:59
G0893,Node893,Other,0,00:00,23:59
G0894,Node894,Other,0,00:00,23:59
G0895,Node895,Other,0,00:00,23:59
G0896,Node896,Other,0,00:00,23:59
G0897,Node897,Other,0,00:00,23:59
G0898,Node898,Other,0,00:00,23:59
G0899,Node899,Other,0,00:00,23:59
G0900,Node900,Other,0,00:00,23:59
G0901,Node901,Other,0,00:00,23:59
G0902,Node902,Other,0,00:00,23:59
G0903,Node903,Other,0,00:00,23:59
G0904,Node904,Other,0,00:00,23:59
G0905,Node905,Other,0,00:00,23:59
G0906,Node906,Other,0,00:00,23:59
G0907,Node907,Other,0,00:00,23:59
G0908,Node908,Other,0,00:00,23:59
G0909,Node909,Other,0,00:00,23:59
G0910,Node910,Other,0,00:00,23:59
G0911,Node911,Other,0,00:00,23:59
G0912,Node912,Other,0,00:00,23:59
G0913,Node913,Other,0,00:00,23:59
G0914,Node914,Other,0,00:00,23:59
G0915,Node915,Other,0,00:00,23:59
G0916,Node916,Other,0,00:00,23:59
G0917,Node917,Other,0,00:00,23:59
G0918,Node918,Other,0,00:00,23:59
G0919,Node919,Other,0,00:00,23:59
G0920,Node920,Other,0,00:00,23:59
G0921,Node921,Other,0,00:00,23:59
G0922,Node922,Other,0,00:00,23:59
G0923,Node923,Other,0,00:00,23:59
G0924,Node924,Other,0,00:00,23:59
G0925,Node925,Other,0,00:00,23:59
G0926,Node926,Other,0,00:00,23:59
G0927,Node927,Other,0,00:00,23:59
G0928,Node928,Other,0,00:00,23:59
G0929,Node929,Other,0,00:00,23:59
G0930,Node930,Other,0,00:00,23:59
G0931,Node931,Other,0,00:00,23:59
G0932,Node932,Other,0,00:00,23:59
G0933,Node933,Other,0,00:00,23:59
G0934,Node934,Other,0,00:00,23:59
G0935,Node935,Other,0,00:00,23:59
G0936,Node936,Other,0,00:00,23:59
G0937,Node937,Other,0,00:00,23:59
G0938,Node938,Other,0,00:00,23:59
G0939,Node939,Other,0,00:00,23:59
G0940,Node940,Other,0,00:00,23:59
G0941,Node941,Other,0,00:00,23:59
G0942,Node942,Other,0,00:00,23:59
G0943,Node943,Other,0,00:00,23:59
G0944,Node944,Other,0,00:00,23:59
G0945,Node945,Other,0,00:00,23:59
G0946,Node946,Other,0,00:00,23:59
G0947,Node947,Other,0,00:00,23:59
G0948,Node948,Other,0,00:00,23:59
G0949,Node949,Other,0,00:00,23:59
G0950,Node950,Other,0,00:00,23:59
G0951,Node951,Other,0,00:00,23:59
G0952,Node952,Other,0,00:00,23:59
G0953,Node953,Other,0,00:00,23:59
G0954,Node954,Other,0,00:00,23:59
G0955,Node955,Other,0,00:00,23:59
G0956,Node956,Other,0,00:00,23:59
G0957,Node957,Other,0,00:00,23:59
G0958,Node958,Other,0,00:00,23:59
G0959,Node959,Other,0,00:00,23:59
G0960,Node960,Other,0,00:00,23:59
G0961,Node961,Other,0,00:00,23:59
G0962,Node962,Other,0,00:00,23:59
G0963,Node963,Other,0,00:00,23:59
G0964,Node964,Other,0,00:00,23:59
G0965,Node965,Other,0,00:00,23:59
G0966,Node966,Other,0,00:00,23:59
G0967,Node967,Other,0,00:00,23:59
G0968,Node968,Other,0,00:00,23:59
G0969,Node969,Other,0,00:00,23:59
G0970,Node970,Other,0,00:00,23:59
G0971,Node971,Other,0,00:00,23:59
G0972,Node972,Other,0,00:00,23:59
G0973,Node973,Other,0,00:00,23:59
G0974,Node974,Other,0,00:00,23:59
G0975,Node975,Other,0,00:00,23:59
G0976,Node976,Other,0,00:00,23:59
G0977,Node977,Other,0,00:00,23:59
G0978,Node978,Other,0,00:00,23:59
G0979,Node979,Other,0,00:00,23:59
G0980,Node980,Other,0,00:00,23:59
G0981,Node981,Other,0,00:00,23:59
G0982,Node982,Other,0,00:00,23:59
G0983,Node983,Other,0,00:00,23:59
G0984,Node984,Other,0,00:00,23:59
G0985,Node985,Other,0,00:00,23:59
G0986,Node986,Other,0,00:00,23:59
G0987,Node987,Other,0,00:00,23:59
G0988,Node988,Other,0,00:00,23:59
G0989,Node989,Other,0,00:00,23:59
G0990,Node990,Other,0,00:00,23:59
G0991,Node991,Other,0,00:00,23:59
G0992,Node992,Other,0,00:00,23:59
G0993,Node993,Other,0,00:00,23:59
G0994,Node994,Other,0,00:00,23:59
G0995,Node995,Other,0,00:00,23:59
G0996,Node996,Other,0,00:00,23:59
G0997,Node997,Other,0,00:00,23:59
G0998,Node998,Other,0,00:00,23:59
G0999,Node999,Other,0,00:00,23:59
G1000,Node1000,Other,0,00:00,23:59
G1001,Node1001,Other,0,00:00,23:59
G1002,Node1002,Other,0,00:00,23:59
G1003,Node1003,Other,0,00:00,23:59
G1004,Node1004,Other,0,00:00,23:59
G1005,Node1005,Other,0,00:00,23:59
G1006,Node1006,Other,0,00:00,23:59
G1007,Node1007,Other,0,00:00,23:59
G1008,Node1008,Other,0,00:00,23:59
G1009,Node1009,Other,0,00:00,23:59
G1010,Node1010,Other,0,00:00,23:59
G1011,Node1011,Other,0,00:00,23:59
G1012,Node1012,Other,0,00:00,23:59
G1013,Node1013,Other,0,00:00,23:59
G1014,Node1014,Other,0,00:00,23:59
G1015,Node1015,Other,0,00:00,23:59
G1016,Node1016,Other,0,00:00,23:59
G1017,Node1017,Other,0,00:00,23:59
G1018,Node1018,Other,0,00:00,23:59
G1019,Node1019,Other,0,00:00,23:59
G1020,Node1020,Other,0,00:00,23:59
G1021,Node1021,Other,0,00:00,23:59
G1022,Node1022,Other,0,00:00,23:59
G1023,Node1023,Other,0,00:00,23:59
G1024,Node1024,Other,0,00:00,23:59
